#Graf 1 - agregáty ve vzdálenosti o velikost jednoho květiňáče (bral jsem to jako 17x17cm)
x<-c(17,34,51,17,34,51,17,34,51,17,34,51,17,34,51,17,34,51,17,34,51,17,34,51,357,374,391,357,374,391,357,374,391,357,374,391,357,374,391,357,374,391,357,374,391,357,374,391)
x
y<-c(17,17,17,34,34,34,51,51,51,68,68,68,340,340,340,357,357,357,374,374,374,391,391,391,340,340,340,357,357,357,374,374,374,391,391,391,17,17,17,34,34,34,51,51,51,68,68,68)
y
plot(x,y, pch=15, value=10,xlab="",ylab ="", cex=1.7)
##############################
#Graf 2 - agregáty ve vzdálenosti o velikost jednoho květiňáče (bral jsem to jako 17x17cm), blíž k sobě

x1<-c(17,34,51,17,34,51,17,34,51,17,34,51,17,34,51,17,34,51,17,34,51,17,34,51,357,374,391,357,374,391,357,374,391,357,374,391,357,374,391,357,374,391,357,374,391,357,374,391)
x1u<-c(83,83,83,83,83,83,83,83,83,83,83,83,83,83,83,83,83,83,83,83,83,83,83,83,-83,-83,-83,-83,-83,-83,-83,-83,-83,-83,-83,-83,-83,-83,-83,-83,-83,-83,-83,-83,-83,-83,-83,-83)
x12 <-c(x1+x1u)
x12
y1<-c(17,17,17,34,34,34,51,51,51,68,68,68,340,340,340,357,357,357,374,374,374,391,391,391,340,340,340,357,357,357,374,374,374,391,391,391,17,17,17,34,34,34,51,51,51,68,68,68)
y1u<-c(83,83,83,83,83,83,83,83,83,83,83,83,-83,-83,-83,-83,-83,-83,-83,-83,-83,-83,-83,-83,-83,-83,-83,-83,-83,-83,-83,-83,-83,-83,-83,-83,83,83,83,83,83,83,83,83,83,83,83,83)
y12<-c(y1+y1u)
y12
plot(x12,y12, pch=15, value=10,xlab="",ylab ="",xlim=c(0,400),ylim=c(0,400), cex=1.7)

#########################################
#Graf3
x2<-c(17,51,85,17,51,85,17,51,85,17,51,85,17,51,85,17,51,85,17,51,85,17,51,85,323,357,391,323,357,391,323,357,391,323,357,391,323,357,391,323,357,391,323,357,391,323,357,391)
x2
y2<-c(17,17,17,51,51,51,85,85,85,119,119,119,289,289,289,323,323,323,357,357,357,391,391,391,289,289,289,323,323,323,357,357,357,391,391,391,17,17,17,51,51,51,85,85,85,119,119,119)
y2
plot(x2,y2, pch=15, value=10,xlab="",ylab ="",xlim=c(0,400),ylim=c(0,400), cex=1.7)

#########################################
#Graf4
x2<-c(17,51,85,17,51,85,17,51,85,17,51,85,17,51,85,17,51,85,17,51,85,17,51,85,323,357,391,323,357,391,323,357,391,323,357,391,323,357,391,323,357,391,323,357,391,323,357,391)
x2u<-c(83,83,83,83,83,83,83,83,83,83,83,83,83,83,83,83,83,83,83,83,83,83,83,83,-83,-83,-83,-83,-83,-83,-83,-83,-83,-83,-83,-83,-83,-83,-83,-83,-83,-83,-83,-83,-83,-83,-83,-83)
x22 <-c(x2+x2u)
x22
y2<-c(17,17,17,51,51,51,85,85,85,-17,-17,-17,425,425,425,323,323,323,357,357,357,391,391,391,425,425,425,323,323,323,357,357,357,391,391,391,17,17,17,51,51,51,85,85,85,-17,-17,-17)
y2u<-c(83,83,83,83,83,83,83,83,83,83,83,83,-83,-83,-83,-83,-83,-83,-83,-83,-83,-83,-83,-83,-83,-83,-83,-83,-83,-83,-83,-83,-83,-83,-83,-83,83,83,83,83,83,83,83,83,83,83,83,83)
y22 <-c(y2+y2u)
y22
plot(x22,y22, pch=15, value=10,xlab="",ylab ="",xlim=c(0,400),ylim=c(0,400), cex=1.7)

